2013-04-12,434.15,434.15,429.09,429.80,8521900,429.80
2013-04-11,433.72,437.99,431.20,434.33,11727300,434.33
2013-04-10,428.10,437.06,426.01,435.69,13415800,435.69
2013-04-09,426.36,428.50,422.75,426.98,10950500,426.98
2013-04-08,424.85,427.50,422.49,426.21,10743900,426.21
2013-04-05,424.50,424.95,419.68,423.20,13677700,423.20
2013-04-04,433.76,435.00,425.25,427.72,12801700,427.72
2013-04-03,431.37,437.28,430.31,431.99,12961200,431.99
2013-04-02,427.60,438.14,426.40,429.79,18911400,429.79
2013-04-01,441.90,443.70,427.74,428.91,13903100,428.91
2013-03-28,449.82,451.82,441.62,442.66,15815700,442.66
2013-03-27,456.46,456.80,450.73,452.08,11829900,452.08
2013-03-26,465.44,465.84,460.53,461.14,10510500,461.14
2013-03-25,464.69,469.95,461.78,463.58,17871000,463.58
2013-03-22,454.58,462.10,453.11,461.91,14087700,461.91
2013-03-21,450.22,457.98,450.10,452.73,13687700,452.73
2013-03-20,457.42,457.63,449.59,452.08,11023600,452.08
2013-03-19,459.50,460.97,448.50,454.49,18813400,454.49
2013-03-18,441.45,457.46,441.20,455.72,21649900,455.72
2013-03-15,437.93,444.23,437.25,443.66,22998600,443.66
2013-03-14,432.83,434.64,430.45,432.50,10852700,432.50
2013-03-13,428.45,434.50,425.36,428.35,14483900,428.35
2013-03-12,435.60,438.88,427.57,428.43,16639700,428.43
2013-03-11,429.75,439.01,425.14,437.87,16937000,437.87
2013-03-08,429.80,435.43,428.61,431.72,13981500,431.72
2013-03-07,424.50,432.01,421.06,430.58,16731200,430.58
2013-03-06,434.51,435.25,424.43,425.66,16437500,425.66
2013-03-05,421.48,435.19,420.75,431.14,22801200,431.14
2013-03-04,427.80,428.20,419.00,420.05,20812700,420.05
2013-03-01,438.00,438.18,429.98,430.47,19730300,430.47
2013-02-28,444.05,447.87,441.40,441.40,11518400,441.40
2013-02-27,448.43,452.44,440.65,444.57,20976800,444.57
2013-02-26,443.82,451.54,437.66,448.97,17910700,448.97
2013-02-25,453.85,455.12,442.57,442.80,13306400,442.80
2013-02-22,449.25,451.60,446.60,450.81,11809100,450.81
2013-02-21,446.00,449.17,442.82,446.06,15970800,446.06
2013-02-20,457.69,457.69,448.80,448.85,17010800,448.85
2013-02-19,461.10,462.73,453.85,459.99,15563700,459.99
2013-02-15,468.85,470.16,459.92,460.16,13990900,460.16
2013-02-14,464.52,471.64,464.02,466.59,12688400,466.59
2013-02-13,467.21,473.64,463.22,467.01,16971700,467.01
2013-02-12,479.51,482.38,467.74,467.90,21751900,467.90
2013-02-11,476.50,484.94,473.25,479.93,18481800,479.93
2013-02-08,474.00,478.81,468.25,474.98,22612800,474.98
2013-02-07,463.25,470.00,454.12,468.22,25163600,468.22
2013-02-06,456.47,466.50,452.58,457.35,21203800,454.70
2013-02-05,444.05,459.74,442.22,457.84,20476700,455.19
2013-02-04,453.91,455.94,442.00,442.32,17039900,439.76
2013-02-01,459.11,459.48,448.35,453.62,19267300,450.99
2013-01-31,456.98,459.28,454.98,455.49,11404800,452.85
2013-01-30,457.00,462.60,454.50,456.83,14898400,454.18
2013-01-29,458.50,460.20,452.12,458.27,20398500,455.61
2013-01-28,437.83,453.21,435.86,449.83,28054200,447.22
2013-01-25,451.69,456.23,435.00,439.88,43143800,437.33
2013-01-24,460.00,465.73,450.25,450.50,52173300,447.89
2013-01-23,508.81,514.99,504.77,514.01,30768200,511.03
2013-01-22,504.56,507.88,496.63,504.77,16483800,501.85
2013-01-18,498.52,502.22,496.40,500.00,16890100,497.10
2013-01-17,510.31,510.75,502.03,502.68,16202800,499.77
2013-01-16,494.64,509.44,492.50,506.09,24671600,503.16
2013-01-15,498.30,498.99,483.38,485.92,31313300,483.10
2013-01-14,502.68,507.50,498.51,501.75,26221700,498.84
2013-01-11,521.00,525.32,519.02,520.30,12518100,517.29
2013-01-10,528.55,528.72,515.52,523.51,21469500,520.48
2013-01-09,522.50,525.01,515.99,517.10,14557300,514.10
2013-01-08,529.21,531.89,521.25,525.31,16382400,522.27
2013-01-07,522.00,529.30,515.20,523.90,17291300,520.86
2013-01-04,536.97,538.63,525.83,527.00,21226200,523.95
2013-01-03,547.88,549.67,541.00,542.10,12605900,538.96
2013-01-02,553.82,555.00,541.63,549.03,20018500,545.85
2012-12-31,510.53,535.40,509.00,532.17,23553300,529.09
2012-12-28,510.29,514.48,508.12,509.59,12652800,506.64
2012-12-27,513.54,516.25,504.66,515.06,16254300,512.08
2012-12-26,519.00,519.46,511.12,513.00,10801300,510.03
2012-12-24,520.35,524.25,518.71,520.17,6276900,517.16
2012-12-21,512.47,519.67,510.24,519.33,21295300,516.32
2012-12-20,530.00,530.20,518.88,521.73,17203200,518.71
2012-12-19,531.47,533.70,525.50,526.31,16048900,523.26
2012-12-18,525.00,534.90,520.25,533.90,22345900,530.81
2012-12-17,508.93,520.00,501.23,518.83,27057400,515.82
2012-12-14,514.75,518.13,505.58,509.79,36056400,506.84
2012-12-13,531.15,537.64,525.80,529.69,22330700,526.62
2012-12-12,547.77,548.00,536.27,539.00,17398000,535.88
2012-12-11,539.77,549.56,537.37,541.39,21155200,538.25
2012-12-10,525.00,538.51,521.58,529.82,22517300,526.75
2012-12-07,553.40,555.20,530.00,533.25,28108600,530.16
2012-12-06,528.94,553.31,518.63,547.24,42043300,544.07
2012-12-05,568.91,569.25,538.77,538.79,37308500,535.67
2012-12-04,581.80,581.80,572.13,575.85,19895300,572.51
2012-12-03,593.65,594.59,585.50,586.19,13010000,582.79
2012-11-30,586.79,588.40,582.68,585.28,13975700,581.89
2012-11-29,590.22,594.25,585.25,589.36,18382100,585.95
2012-11-28,577.27,585.80,572.26,582.94,18602300,579.56
2012-11-27,589.55,590.42,580.10,584.78,19047500,581.39
2012-11-26,575.90,590.00,573.71,589.53,22520700,586.11
2012-11-23,567.17,572.00,562.60,571.50,9743800,568.19
2012-11-21,564.25,567.37,556.60,561.70,13321500,558.45
2012-11-20,571.91,571.95,554.58,560.91,22955500,557.66
2012-11-19,540.71,567.50,539.88,565.73,29404200,562.45
2012-11-16,525.20,530.00,505.75,527.68,45246200,524.62
2012-11-15,537.53,539.50,522.62,525.62,28211100,522.57
2012-11-14,545.50,547.45,536.18,536.88,17041800,533.77
2012-11-13,538.91,550.48,536.36,542.90,19033900,539.75
2012-11-12,554.15,554.50,538.65,542.83,18421500,539.68
2012-11-09,540.42,554.88,533.72,547.06,33211200,543.89
2012-11-08,560.63,562.23,535.29,537.75,37719500,534.63
2012-11-07,573.84,574.54,555.75,558.00,28344600,554.77
2012-11-06,590.23,590.74,580.09,582.85,13389900,576.84
2012-11-05,583.52,587.77,577.60,584.62,18897700,578.59
2012-11-02,595.89,596.95,574.75,576.80,21406200,570.85
2012-11-01,598.22,603.00,594.17,596.54,12903500,590.39
2012-10-31,594.88,601.96,587.70,595.32,18214400,589.18
2012-10-26,609.43,614.00,591.00,604.00,36372600,597.77
2012-10-25,620.00,622.00,605.55,609.54,23440200,603.25
2012-10-24,621.44,626.55,610.64,616.83,19947400,610.47
2012-10-23,631.00,633.90,611.70,613.36,25255200,607.03
2012-10-22,612.42,635.38,610.76,634.03,19526100,627.49
2012-10-19,631.05,631.77,609.62,609.84,26574500,603.55
2012-10-18,639.59,642.06,630.00,632.64,17022300,626.11
2012-10-17,648.87,652.79,644.00,644.61,13894200,637.96
2012-10-16,635.37,650.30,631.00,649.79,19634700,643.09
2012-10-15,632.35,635.13,623.85,634.76,15446500,628.21
2012-10-12,629.56,635.38,625.30,629.71,16429100,623.21
2012-10-11,646.50,647.20,628.10,628.10,19502900,621.62
2012-10-10,639.74,644.98,637.00,640.91,18227000,634.30
2012-10-09,638.65,640.49,623.55,635.85,29949900,629.29
2012-10-08,646.88,647.56,636.11,638.17,22785500,631.59
2012-10-05,665.20,666.00,651.28,652.59,21214500,645.86
2012-10-04,671.25,674.25,665.55,666.80,13240200,659.92
2012-10-03,664.86,671.86,662.63,671.45,15152900,664.52
2012-10-02,661.81,666.35,650.65,661.31,22428300,654.49
2012-10-01,671.16,676.75,656.50,659.39,19414100,652.59
2012-09-28,678.75,681.11,666.75,667.10,19111100,660.22
2012-09-27,664.29,682.17,660.35,681.32,21217500,674.29
2012-09-26,668.74,672.69,661.20,665.18,20589400,658.32
2012-09-25,688.26,692.78,673.00,673.54,18528200,666.59
2012-09-24,686.86,695.12,683.00,690.79,22848800,683.66
2012-09-21,702.41,705.07,699.36,700.09,20413900,692.87
2012-09-20,699.16,700.06,693.62,698.70,12020300,691.49
2012-09-19,700.26,703.99,699.57,702.10,11674100,694.86
2012-09-18,699.88,702.33,696.42,701.91,13339400,694.67
2012-09-17,699.35,699.80,694.61,699.78,14215400,692.56
2012-09-14,689.96,696.98,687.89,691.28,21445500,684.15
2012-09-13,677.37,685.50,674.77,682.98,21370000,675.94
2012-09-12,666.85,669.90,656.00,669.79,25436900,662.88
2012-09-11,665.11,670.10,656.50,660.59,17999400,653.78
2012-09-10,680.45,683.29,662.10,662.74,17428500,655.90
2012-09-07,678.05,682.48,675.77,680.44,11773800,673.42
2012-09-06,673.17,678.29,670.80,676.27,13971300,669.29
2012-09-05,675.57,676.35,669.60,670.23,12013400,663.32
2012-09-04,665.76,675.14,664.50,674.97,13139000,668.01
2012-08-31,667.25,668.60,657.25,665.24,12082900,658.38
2012-08-30,670.64,671.55,662.85,663.87,10810700,657.02
2012-08-29,675.25,677.67,672.60,673.47,7243100,666.52
2012-08-28,674.98,676.10,670.67,674.80,9550600,667.84
2012-08-27,679.99,680.87,673.54,675.68,15250300,668.71
2012-08-24,659.51,669.48,655.55,663.22,15619300,656.38
2012-08-23,666.11,669.90,661.15,662.63,15004600,655.80
2012-08-22,654.42,669.00,648.11,668.87,20190100,661.97
2012-08-21,670.82,674.88,650.33,656.06,29025700,649.29
2012-08-20,650.01,665.15,649.90,665.15,21906600,658.29