2013-04-12,45.15,45.16,44.74,45.03,2817700,45.03
2013-04-11,45.04,45.53,44.80,45.21,5896300,45.21
2013-04-10,44.42,45.40,44.33,44.70,5795400,44.70
2013-04-09,43.71,44.26,43.34,44.17,2529400,44.17
2013-04-08,43.27,43.80,43.13,43.79,2814100,43.79
2013-04-05,43.42,43.86,43.21,43.38,4307900,43.38
2013-04-04,43.74,44.25,43.44,44.21,5109900,44.21
2013-04-03,43.78,43.84,43.49,43.70,5043100,43.70
2013-04-02,43.50,43.89,43.36,43.85,3371600,43.85
2013-04-01,43.36,43.78,43.23,43.38,3398000,43.38
2013-03-28,42.54,43.59,42.42,43.52,4075200,43.52
2013-03-27,42.60,42.88,42.38,42.66,1707000,42.66
2013-03-26,42.66,42.95,42.46,42.75,2125400,42.75
2013-03-25,42.90,43.42,42.41,42.49,5296600,42.49
2013-03-22,42.17,43.23,42.11,42.97,5595200,42.97
2013-03-21,41.99,42.63,41.90,42.18,5659400,42.18
2013-03-20,42.70,43.23,41.99,42.46,10733400,42.46
2013-03-19,41.10,41.37,40.49,40.75,4767400,40.75
2013-03-18,41.08,41.48,40.21,41.06,3311300,41.06
2013-03-15,41.45,41.79,41.32,41.38,5424200,41.38
2013-03-14,41.82,41.93,41.44,41.62,2762900,41.62
2013-03-13,41.50,41.81,41.30,41.59,2892500,41.59
2013-03-12,41.53,41.53,41.15,41.40,3454800,41.40
2013-03-11,41.12,41.54,40.96,41.48,4632400,41.48
2013-03-08,41.75,41.91,41.32,41.50,3330300,41.50
2013-03-07,41.40,41.59,41.20,41.50,2678600,41.50
2013-03-06,41.47,41.77,41.13,41.29,2835600,41.29
2013-03-05,40.76,41.49,40.68,41.46,4236600,41.46
2013-03-04,39.74,40.47,39.45,40.46,2423600,40.46
2013-03-01,39.30,39.88,38.96,39.83,2328200,39.83
2013-02-28,39.54,39.94,39.29,39.31,3637600,39.31
2013-02-27,38.32,39.75,38.10,39.60,5285300,39.60
2013-02-26,38.14,38.66,38.09,38.59,2925000,38.59
2013-02-25,38.66,39.09,38.10,38.11,2738700,38.11
2013-02-22,38.54,38.87,38.37,38.55,2835500,38.55
2013-02-21,38.82,38.82,38.30,38.34,2872700,38.34
2013-02-20,39.05,39.28,38.75,38.77,3129600,38.77
2013-02-19,38.58,39.00,38.52,38.99,2056500,38.99
2013-02-15,38.51,38.76,38.38,38.63,2367900,38.63
2013-02-14,38.70,38.92,38.30,38.61,4929700,38.61
2013-02-13,38.90,39.15,38.67,38.81,2491000,38.81
2013-02-12,38.55,39.13,38.12,38.89,3279500,38.89
2013-02-11,38.99,39.05,38.53,38.64,2333800,38.64
2013-02-08,38.31,39.45,38.15,39.12,5104600,39.12
2013-02-07,38.26,38.39,37.66,38.07,3110300,38.07
2013-02-06,38.36,38.65,38.26,38.40,2523200,38.40
2013-02-05,38.20,38.57,38.01,38.51,2355600,38.51
2013-02-04,38.19,38.44,37.82,38.10,2928000,38.10
2013-02-01,38.20,38.48,37.91,38.34,2416100,38.34
2013-01-31,38.00,38.23,37.68,37.83,3291900,37.83
2013-01-30,38.50,38.51,37.88,37.94,2693600,37.94
2013-01-29,38.11,38.56,37.81,38.52,2935900,38.52
2013-01-28,37.91,38.41,37.90,38.24,3536100,38.24
2013-01-25,38.05,38.53,38.02,38.32,3273000,38.32
2013-01-24,38.15,38.70,37.99,38.11,2537600,38.11
2013-01-23,37.94,38.28,37.89,38.25,3309000,38.25
2013-01-22,37.87,38.02,37.57,37.95,2475400,37.95
2013-01-18,37.81,37.99,37.36,37.98,5561400,37.98
2013-01-17,37.76,38.09,37.71,37.73,4089500,37.73
2013-01-16,38.12,38.27,37.81,37.88,2640700,37.88
2013-01-15,37.86,38.46,37.84,38.15,2968100,38.15
2013-01-14,37.99,38.20,37.81,38.16,3048600,38.16
2013-01-11,38.65,38.73,37.89,38.09,3511300,38.09
2013-01-10,38.75,38.78,38.09,38.62,3645200,38.62
2013-01-09,38.16,38.71,38.10,38.66,4083100,38.66
2013-01-08,37.78,38.20,37.75,38.14,3080900,38.14
2013-01-07,37.81,38.21,37.70,37.94,3632100,37.94
2013-01-04,37.88,38.19,37.62,38.13,3809300,38.13
2013-01-03,38.14,38.30,37.66,37.75,3906000,37.75
2013-01-02,37.92,38.73,37.92,38.34,6483800,38.34
2012-12-31,36.80,37.70,36.65,37.68,4634600,37.68
2012-12-28,36.91,37.40,36.89,36.90,3171600,36.90
2012-12-27,37.49,37.62,36.83,37.30,3422700,37.30
2012-12-26,37.48,37.99,37.26,37.55,2437600,37.55
2012-12-24,37.76,37.82,37.31,37.53,2448000,37.53
2012-12-21,37.36,38.00,37.35,37.71,7975900,37.71
2012-12-20,38.08,38.16,37.79,37.87,4330300,37.87
2012-12-19,37.39,38.25,37.35,38.09,5853300,38.09
2012-12-18,37.42,37.51,37.18,37.49,7652400,37.49
2012-12-17,37.07,37.43,36.90,37.42,8928100,37.42
2012-12-14,37.20,38.10,37.00,37.56,17447900,37.56
2012-12-13,36.01,36.50,35.19,35.53,7746200,35.53
2012-12-12,35.73,36.28,35.69,35.96,4598200,35.96
2012-12-11,35.80,36.11,35.47,35.54,5912900,35.54
2012-12-10,35.45,35.78,35.40,35.75,3542100,35.75
2012-12-07,35.40,35.50,34.94,35.48,2725400,35.48
2012-12-06,35.25,35.68,35.00,35.14,5571900,35.14
2012-12-05,35.30,35.63,34.86,35.40,4277000,35.40
2012-12-04,34.79,35.64,34.67,35.30,6744100,35.30
2012-12-03,34.78,34.85,34.57,34.70,3146300,34.70
2012-11-30,34.19,34.81,33.85,34.61,4935400,34.61
2012-11-29,34.08,34.17,33.78,34.09,3353700,34.09
2012-11-28,33.16,33.94,32.94,33.88,2612600,33.88
2012-11-27,33.19,33.59,33.16,33.18,2180400,33.18
2012-11-26,33.22,33.33,33.05,33.29,2348500,33.29
2012-11-23,33.06,33.43,32.99,33.40,1449800,33.40
2012-11-21,32.75,32.98,32.53,32.84,1703700,32.84
2012-11-20,32.80,32.95,32.52,32.64,2345400,32.64
2012-11-19,32.93,33.00,32.71,32.92,2645500,32.92
2012-11-16,32.58,32.75,32.27,32.65,3447300,32.65
2012-11-15,32.38,32.72,32.14,32.64,3817700,32.64
2012-11-14,32.60,32.77,32.16,32.24,5566500,32.24
2012-11-13,32.55,32.92,32.35,32.54,2597200,32.54
2012-11-12,32.95,33.03,32.66,32.70,1911900,32.70
2012-11-09,33.01,33.28,32.89,32.90,2581600,32.90
2012-11-08,33.50,33.57,32.92,32.98,4247900,32.98
2012-11-07,34.11,34.15,33.46,33.47,4681500,33.47
2012-11-06,34.42,34.66,34.24,34.39,2678900,34.39
2012-11-05,34.18,34.33,33.84,34.24,2808500,34.24
2012-11-02,34.59,34.60,34.23,34.39,4006300,34.39
2012-11-01,34.08,34.64,33.89,34.36,3681700,34.36
2012-10-31,34.00,34.05,33.76,34.03,4253100,34.03
2012-10-26,33.13,34.09,32.99,34.01,6310600,34.01
2012-10-25,33.53,33.69,33.27,33.40,2868700,33.40
2012-10-24,33.56,33.60,33.28,33.36,3381500,33.36
2012-10-23,33.19,33.44,32.97,33.31,3151800,33.31
2012-10-22,33.44,33.55,33.17,33.49,3684900,33.49
2012-10-19,33.45,33.65,33.14,33.24,5562600,33.24
2012-10-18,33.45,33.68,33.24,33.47,3913800,33.47
2012-10-17,33.12,33.54,32.92,33.44,5146400,33.44
2012-10-16,32.44,33.35,32.30,33.24,4782200,33.24
2012-10-15,32.01,32.35,31.88,32.33,3143200,32.33
2012-10-12,31.78,32.05,31.69,31.94,3040300,31.94
2012-10-11,31.85,31.91,31.58,31.78,2854600,31.78
2012-10-10,31.64,31.80,31.33,31.51,2481700,31.51
2012-10-09,32.22,32.25,31.56,31.69,3504400,31.69
2012-10-08,32.26,32.47,32.02,32.23,2154800,32.23
2012-10-05,32.83,33.03,32.39,32.47,2505100,32.47
2012-10-04,32.54,32.79,32.20,32.68,3886900,32.68
2012-10-03,32.73,32.85,32.52,32.60,2455700,32.60
2012-10-02,32.82,32.91,32.32,32.57,3381600,32.57
2012-10-01,32.58,32.85,32.35,32.62,5201900,32.62
2012-09-28,32.65,32.93,32.39,32.44,4017900,32.44
2012-09-27,32.67,32.94,32.43,32.80,3487600,32.80
2012-09-26,32.91,32.98,32.42,32.53,3406100,32.53
2012-09-25,33.70,33.75,32.87,32.90,6122000,32.90
2012-09-24,33.39,33.76,33.26,33.42,5348300,33.42
2012-09-21,34.36,34.49,33.47,33.83,8794400,33.83
2012-09-20,33.25,34.55,33.00,34.53,12398400,34.53
2012-09-19,32.80,33.17,32.46,33.12,7805300,33.12
2012-09-18,33.23,33.26,32.49,32.57,5954700,32.57
2012-09-17,33.29,33.42,32.99,33.41,3407700,33.41
2012-09-14,32.93,33.38,32.74,33.34,3862300,33.34
2012-09-13,32.49,33.07,32.32,32.81,4195200,32.81
2012-09-12,32.59,32.88,32.33,32.42,3564800,32.42
2012-09-11,32.06,32.59,31.94,32.43,3929200,32.43
2012-09-10,32.36,32.57,32.11,32.13,3865300,32.13
2012-09-07,32.83,32.89,32.39,32.46,3581300,32.46
2012-09-06,32.26,32.98,32.26,32.79,4577200,32.79
2012-09-05,31.39,32.26,31.26,32.26,6289600,32.26
2012-09-04,31.24,31.51,31.01,31.44,4419800,31.44
2012-08-31,31.65,31.90,31.00,31.27,5966300,31.27
2012-08-30,31.77,31.85,31.35,31.46,3174800,31.46
2012-08-29,32.14,32.24,31.61,31.96,4560900,31.96
2012-08-28,32.36,32.46,32.03,32.06,4139800,32.06
2012-08-27,32.47,32.75,32.30,32.32,4457400,32.32
2012-08-24,32.58,32.58,31.83,32.26,8759600,32.26
2012-08-23,33.66,33.80,33.35,33.50,2566700,33.50
2012-08-22,33.74,33.98,33.62,33.84,2871000,33.84
2012-08-21,33.78,34.09,33.60,33.75,3493200,33.75
2012-08-20,33.66,33.94,33.36,33.92,3465000,33.92